 11.35
  41.8
 41.26

 40.87
 40.92
 37.44

  37.5
 37.57
 37.66
 37.73

 37.84
 38.04
 38.04

 38.18
 38.31
 38.44

 38.57
  38.7
 38.83

 38.96
 39.09
 39.21
 39.47

 39.63
 39.89
 40.03

 40.32
 40.45
 40.71

 40.97
  41.1
 41.36
 41.62

 41.88
 42.13
  42.4

 42.79
 43.05
  43.3

  43.7
 43.96
 44.22

 44.61
 44.87
 45.26
 45.65

 45.99
 46.25
 46.63

 47.02
 47.41
  47.8

 48.18
  48.7
 49.09
 49.48

 49.99
 50.39
  50.9

 51.29
 51.81
  52.2

 52.71
 53.23
 53.75

 54.27
 54.79
  55.3
 55.81

 56.34
 56.85
 57.37

 58.02
 58.53
 59.05

  59.7
 62.35
 62.86
 63.51

 64.15
 64.67
 65.32

 65.46
 66.12
 66.76

 67.41
 68.05
 68.83
 69.48

 70.12
 70.77
 71.54
 72.19

 72.96
 73.61

 74.38
 75.16
 75.93
  76.7

 77.48
 78.39
 79.17

 79.98
 80.75
 81.53

  82.3
 83.21
 83.99
 84.89

 85.66
 86.57
 87.34

 88.24
 89.15
 90.05

 90.95
 91.86
 92.76
 93.66

 94.57
 95.47
 96.38

 97.28
 98.18
  99.1

   100
101.04
101.94
102.84

103.88
104.91
105.81

106.85
107.88
108.79
109.82

110.85
111.89
112.92

114.08
115.12
116.02
117.18

118.21
119.38
120.41

121.57
122.61
123.77

124.93
 126.1
127.26
128.42

129.45
130.62
131.78

132.94
134.23
135.39
136.55

137.71
138.87
140.16

141.32
142.61
 143.9
 145.2

146.49
147.78
149.07

150.37
151.66
152.95

154.25
155.54
156.86
158.15

159.57
   161
162.29

163.58
   165
166.43
167.84

169.27
170.55
171.97

173.39
174.81
176.23

177.78
 179.2
180.75
182.17

183.71
185.13
186.68

188.23
189.65
 191.2
192.75

 194.3
195.86
197.41

198.96
200.63
202.18

203.73
205.28
 206.7
208.26

209.81
211.48
213.03

214.71
216.39
   218
219.54

221.23
 222.9
224.58

226.25
227.95
229.62

231.43
232.98
234.65
236.46

238.14
239.95
241.63

243.44
245.27
247.08
 248.9

250.57
252.52
254.32

256.13
257.93
259.74

261.54
263.36
265.16
266.97

268.91
270.85
272.66

274.46
276.43
278.36
280.29

282.24
284.17
286.11

288.04
290.11
292.04
293.98

295.91
297.98
299.92

301.98
303.91
305.98

307.91
309.97
311.92
313.99

316.05
318.13
 320.2

322.26
324.32
326.39

328.46
330.52
332.71
334.65

336.71
338.91
 341.1

 343.3
 345.5
347.69

349.75
351.82
353.89
356.08

358.28
360.47
362.53

364.59
366.79
368.98
371.17

 373.5
375.82
378.14

380.46
382.66
384.98

 387.3
389.63
391.69
394.01

396.34
398.79
400.98

403.05
405.39
407.45
409.77

412.22
414.54
416.86

419.32
421.77
424.09
426.29

428.75
 431.2
433.52

435.97
438.42
   441

443.58
445.78
 448.1

450.56
455.36
457.95
460.53

463.11
465.56
467.89

468.21
470.66
472.98

475.68
478.27
480.85
483.44

486.02
488.73
 491.3

494.01
496.73
499.31

502.02
504.73
 507.3
509.62

512.21
514.92
 517.5

520.08
522.56
 525.4
527.73

530.18
532.89
535.59

538.04
540.49
543.34

545.91
548.75
551.34
553.92

556.64
559.48
562.32

565.29
568.13
571.11

573.95
576.53
579.11
581.55

584.39
587.37
589.95

592.39
595.23
 598.2