Compile Time 0.71
       82.89
       86.28
       86.79
       87.06

       88.23
       88.14
       88.41

       88.32
       87.58
       87.11
       87.44

       88.12
       90.26
       88.71

        91.2
       88.44
       90.94
       88.48

       91.63
       91.73
       93.69

       94.38
       93.42
        92.7
       92.78

       93.84
       94.98
       91.39

       90.43
       93.02
       97.93
       98.71

       99.32
       93.64
       99.74
       99.21

       99.58
       99.85
       96.31

      101.03
      101.07
      101.38
      102.68

      102.81
      102.83
      103.76

       99.43
      103.15
      104.54
      104.87

      105.07
      105.96
      106.57

      107.12
      107.22
      107.94
      107.73

      106.73
      108.55
      109.08

      109.53
      110.32
      110.78
      111.36

      111.91
      112.42
      112.94

      113.46
      113.73
       114.6
      115.07

      115.79
       116.3
       116.5
      118.18

      118.55
      119.71
      119.22

      120.18
      121.25
      122.09

      122.19
      122.86
      123.38
      124.05

      124.83
      125.47
       126.3
      127.39

      127.81
      128.45
      129.04

      129.25
      130.65
      131.48
      131.79

      132.79
      134.04
      134.94

      135.44
      136.26
      137.02
       138.2

      138.82
       139.6
      140.09

      140.87
      142.07
      142.92
      143.79

      144.59
      145.52
      146.37

      147.32
      148.48
      149.39
      150.29

      150.29
      152.15
      153.06

      153.91
      154.82
      155.84
      156.69

      158.12
      159.22
      160.67

       161.7
      162.13
      163.28
      164.29

      165.39
      165.79
      166.77
      168.32

      168.96
      170.04
      171.96

      171.94
      174.06
      172.62
      176.89

      176.91
      178.57
      179.77

         181
      182.16
      183.22
      184.25

      185.89
       187.3
       188.2

      189.28
      190.21
      191.26

      192.48
      194.48
      195.85
      196.78

      197.49
      199.01
      200.91
      203.05

      203.57
      204.73
      205.75

       206.6
      209.02
      210.32
      211.94

      212.84
      214.07
      215.61

      216.87
      218.47
      219.89
      221.35

      223.15
      223.49
      225.93

      226.94
      228.64
      230.09
      230.98

      233.08
      233.59
       235.9

      237.53
      238.93
      239.98
       242.1

      236.71
      244.62
      246.61
      247.79

      250.29
      252.14
      252.41

      253.48
      255.95
      257.52
      259.58

      260.69
       262.5
      264.34

      265.84
      267.71
      269.41
      270.96

       271.7
      274.73
      275.64

      277.76
      279.47
       281.2
      282.21

      284.01
      286.32
      288.12

      289.71
      284.72
      293.05
      295.25

      296.18
      298.52
      296.06
      302.61

      305.05
      306.48
      308.78

      309.75
      311.64
       313.4
      315.15

      317.55
      319.53
      321.31

      322.24
      324.88
      326.88
      328.87

      330.75
       332.8
      333.85

      336.73
      338.67
      340.73
      342.91

       344.5
      346.86
      348.39

      350.85
      352.71
      355.64
      355.98

      358.93
      361.12
      363.18

      365.19
       367.6
      369.41
      371.21

      373.47
      375.29
      377.79
      379.84

      381.74
      383.68
      386.31

       388.5
      390.65
      392.91
      394.99

      397.31
      399.58
      401.77

      402.98
      406.14
      408.33
      410.54

       412.8
       414.7
      416.48

      419.53
      422.13
      424.32
      426.64

      428.66
      431.04
      433.37

      435.62
      437.82
      440.52
      442.97

       445.3
         448
      450.33
      452.09

      455.43
       458.5
      460.02

      462.11
      464.55
      468.53
      471.18

      473.68
      475.31
      477.54
      481.13

      483.55
         486
      487.59

      490.74
      493.21
       496.3
      499.07

      501.52
      503.59
      506.36

      508.95
      511.86
      514.68
      516.38

      519.04
      521.76
      524.56

      526.76
      529.41
      532.14
      534.43

      537.66
      540.04
      543.23

      545.95
      548.96
      551.58
       554.3

      556.64
       559.6
      562.05

      564.45
      566.46
      569.32
      573.21

      576.23
      578.75
      581.85
      584.88

      587.05
       590.8
      593.15

      595.94
      591.66
      595.48
      603.64

      607.18
       610.3
      613.14

      616.11
      618.95
       621.4
      624.71

      626.52
      630.07
      632.47

      636.19
      639.69
      642.34
      645.31

       647.9
      651.04
      654.12

      657.35
      660.32
       663.1
      666.31

      669.41
      672.62
      675.44

      678.41
      681.77
      684.87
      687.96

      691.07
      694.15
       696.7

      700.28
      703.52
      706.23
         710