
 10.93
 42.32
 42.34

 41.79
 41.84
 40.84
 38.36

 38.39
 38.14
 38.21

 38.34
  38.4
 38.53

 38.66
  38.8
 38.93
 39.05

 39.18
 39.31
 39.44

 39.57
 39.83
 39.96

 40.25
 40.38
 40.65
 40.81

 41.07
 41.33
 41.59

 41.84
  42.1
 42.36

 42.62
 42.88
 43.13

 43.52
 43.79
 44.05
 44.45

  44.7
 45.09
 45.48

 45.74
 46.13
 46.55

 46.89
 49.38
 49.77
 50.15

 50.54
 51.06
 50.95

 51.33
 51.85
 52.24
 52.75

 53.27
 53.66
 54.18

  54.7
 55.22
 55.74

 56.25
 56.77
 57.29
  57.8

 58.32
 58.97
 59.48

 60.13
 60.66
  61.3

 61.95
  62.6
 63.25
 63.76

 64.41
 65.05
  65.7

 66.47
 67.11
 67.76

  68.4
 69.18
 69.84

 70.61
 71.26
 72.03
  72.8

 73.64
 74.29
 75.06

 75.84
 76.61
 77.39

 78.16
 79.06
 79.85
 80.62

 81.52
  82.3
  83.2

 83.98
 84.89
 85.79

  86.7
  87.6
  88.5
 89.27

 90.31
 91.21
 92.11

 93.02
 93.92
 94.95

 95.86
 96.89
  97.8
 98.83

 99.87
100.77
101.81

102.84
103.87
104.91

105.94
106.97
108.13

109.16
 110.2
111.36
112.39

113.55
114.59
115.75

117.04
118.08
119.24

 120.4
 121.7
122.86
124.02

125.18
 126.4
127.69

128.86
130.16
131.32

132.61
133.77
135.06
136.35

137.51
 138.8
140.09

141.38
142.67
143.96

145.39
146.68
147.96
149.25

150.67
151.99
153.41

154.83
156.12
157.54
158.96

160.38
 161.7
163.11

164.76
166.21
167.75

169.18
170.59
172.14
173.56

175.11
176.54
178.09

179.77
181.19
182.73
184.29

185.83
187.38
188.93

190.47
192.03
 193.7

195.25
 196.8
198.48
200.02

 201.7
203.38
204.94

206.62
 208.3
209.99

211.67
213.34
215.02
 216.7

218.38
220.05
221.73
223.54

225.21
226.89
 228.7

230.51
232.18
233.99

 235.8
237.61
239.43
241.23

243.04
244.84
246.65

248.59
250.39
 252.2
254.14

255.95
257.88
259.69

261.64
263.57
 265.5

267.45
269.39
271.32
273.25

275.19
277.12
279.06

281.12
283.06
285.12
287.06

289.13
291.07
293.14

 295.2
297.27
299.34
 301.4

303.46
305.53
307.59

309.79
311.85
314.05

316.11
 318.3
 320.5
322.56

324.75
326.95
329.14

331.34
333.53
335.73

337.93
340.13
342.32
344.66

346.85
349.17
351.36

353.68
355.88
 358.2

360.52
362.84
365.17
 367.5

369.82
372.14
374.46

376.79
379.12
381.57

383.89
386.34
388.79
391.12

393.57
396.02
398.34

400.79
403.24
 405.7

408.15
410.73
413.18
415.89

418.34
 420.8
423.38

425.82
 428.4
430.98

433.43
436.02
438.61
441.06

443.64
446.22
 448.8

451.51
454.09
456.69

459.27
461.84
464.55
467.14

469.98
472.69
475.27

477.97
480.69
 483.4

486.11
488.82
491.52
494.23

496.95
499.67
502.38

505.09
507.93
510.63
513.48

516.19
519.02
521.74

524.57
527.42
530.26
533.09

 535.8
538.77
541.61

544.45
547.29
550.12
552.96

555.92
558.77
561.73

564.57
567.54
 570.5
573.47

576.44
579.28
582.25

585.21
588.19
591.15
594.26

597.23
 600.2
 603.3

606.27
609.36
612.45

615.42
618.52
621.63
624.73

 627.7
630.92
634.15

637.38
640.47
643.57
646.66

649.89
652.99