
11.11

41.79
41.93
41.98

42.98
41.15
41.54

41.92
40.44
41.09

41.74
42.38
43.16
44.06

44.97
46.01
47.04

48.07
49.23
50.52

51.81
53.24
54.66

56.25
57.8
59.48
61.16

62.96
64.77
66.7

68.65
70.71
72.78

74.97
77.19
79.51

81.97
84.3
86.88

89.46
92.04
94.75

97.46
100.3
103.27
106.24

109.16
112.26
115.49

118.72
121.94
125.29

128.79
132.27
135.75

139.37
143.11
146.86
150.73

154.6
158.47
162.47

166.6
170.73
174.99

179.25
183.63
188.01

192.44
197.08
201.6

206.38
211.02
215.93
220.71

227.73
232.64
237.8

242.83
248.12
252.92

258.21
263.62
269.05

274.6
280.28
285.96
291.63

297.43
303.25
309.18

315.28
321.21
327.4

333.59
339.79
346.12

352.57
358.89
365.47
372.05

378.76
385.46
392.18

399.02
405.99
413.03

420
427.25
434.47

441.7
448.92
456.27
463.75

471.24
478.85
486.47

494.21
501.95
509.69

517.71
525.57
533.58

541.71
549.83
558.09

566.34
574.73
583.12
591.64

600.15
608.8
617.45

626.22
635
643.89

652.81
661.83
670.87
680.03

689.19
698.48
707.77

717.19
726.61
736.16

745.71
755.39
765.2

774.88
784.81
794.75
804.68

814.74
824.93
835

845.32
855.64
865.96

876.41
886.99
897.57

908.16
918.86
929.7
940.41

951.37
962.34
973.3

984.55
995.64
1006.87

1018.23
1029.58
1041.05

1052.54
1064.02
1075.77
1087.38

1099.12
1111
1122.88

1134.86
1146.86
1158.86

1171.12
1183.38
1195.63

1208.02
1220.41
1232.92
1245.44

1258.08
1270.72
1283.49

1296.27
1309.17
1322.07

1335.11
1348.13
1361.29

1374.46
1387.75
1401.16
1414.45

1428
1441.55
1455.23

1468.9
1482.7
1496.38

1510.32
1524.38
1538.45

1552.51
1566.7
1580.89
1595.23

1609.68
1624.12
1638.57

1653.28
1667.98
1682.57

1697.4
1712.25
1727.21

1742.05
1757.15
1772.25

1787.48
1802.7
1817.93
1833.28

1848.76
1864.24
1879.86

1895.59
1911.34
1927.21

1942.95
1958.95
1974.95

1990.96
2007.09
2023.21

2039.34
2055.6
2072.11
2088.49

2104.88
2121.52
2138.16

2154.81
2171.71






2257.11
2274.27
2291.56

2308.73
2326.14
2343.55

2361.13
2378.68
2396.35
2414.02

2431.84
2449.77
2467.7

2485.76
2503.82
2521.89

2540.08
 2558.4
2576.59

2594.91
2613.37
2631.95

2650.39
2669.1
2687.8
2706.52

2725.75
2744.58
2763.54

2782.51
2801.61
2820.82

2840.05
2859.15
2878.52

2897.99
2917.48
2937.09

2956.7
2976.3
2996.18

3016.05
3036.04
3055.91

3076.04
3096.16
3116.29
3136.55

3156.81
3177.2
3197.59

3218.1
3238.75
3259.25

3279.91
3300.69
3321.59

3342.36
3363.39
3384.54

3405.58
3426.86
3448.41
3469.7

3495.38
3516.79

3538.34
3559.89
3581.43

3603.12
3624.8
3646.6

3668.54
3690.54
3712.53
3734.72

3757.04
3779.23
3801.56

3824.13
3846.59
3868.9

3891.48
3914.19
3936.64

3959.47
3982.31
4005.14

4027.98
4051.07
4074.07
4097.26

4120.62
4143.84
4167.19

4190.67
4214.16
4237.76

4261.63
4285.49
4309.23

4332.98
4356.84
4380.73

4404.72
4428.72
4452.85

4476.97
4501.23
4525.48
4550

4574.52
4598.91
4623.43

4648.33
4673.11
4697.88

4722.9
4747.67
4772.7

4797.61
4822.63
4847.65