3.34
62.22
64.04

65.69
66.49
66.25

62.8
62.8
63.4

63.16
63.16
63.76

63.29
63.29
63.35

63.36
63.36
63.8
63.34

63.36
63.41
63.41

63.46
63.41
63.41

63.8
63.38
63.38

63.41
63.41
63.48

63.41
63.6
63.38
63.38

63.44
63.44
63.38

63.38
63.71
63.38

63.39
63.41
63.41

63.88
63.39
63.35
63.37

63.4
63.39
63.39

63.36
63.34
63.7

63.37
63.39
63.36

63.38
63.36
63.38
63.39

63.39
63.54
63.38

63.38
63.38
63.38

63.37
63.37
63.64

63.34
63.75
63.42
63.68

63.63
63.63
65.64

65.65
65.61
65.61

66.16
65.64
65.64
65.61

65.64
65.61
65.61

65.67
65.68
65.63

65.64
66.13
65.62

66.19
65.88
65.92
65.91

65.91
65.88
65.88

65.91
65.94
66.28

65.89
65.94
 65.9

 65.9
65.86
65.86
65.93

65.93
65.89
65.89

65.93
66.19
66.12

66.13
66.49
66.12

66.15
66.18
66.18
66.12

66.14
66.14
66.14

66.15
66.15
66.12

66.12
66.46
66.14
66.61

66.16
66.32
66.2

66.2
66.14
66.17

66.18
66.18
66.6

66.18
66.59
66.17
66.43

66.16
66.29
66.18

66.17
66.17
66.17

66.16
66.16
66.13
66.15

66.12
66.12
66.57

66.15
66.22
66.2

66.2
66.15
66.15

66.12
66.12
66.16
66.18

66.17
66.17
66.14

66.14
66.12
66.12

66.65
66.15
66.28

66.17
66.17
66.15
66.15

66.15
66.15
66.16

66.16
66.72
66.19

66.54
66.16
66.43

66.15
66.34
66.12
66.23

66.12
66.17
66.16

66.18
66.12
66.14

66.14
66.14
66.18

66.18
66.66
66.16
66.55

66.15
66.45
66.17

66.32
66.15
66.25

66.13
66.16
66.13
66.15

66.15
66.15
66.12

66.12
62.58
51.83

53.55
53
53.46

53.11
53.39
53.09
53.36

53.07
53.18
53.12

53.12
53.08
53.1

53.07
53.07
53.07

53.07
53.1
53.1
53.43

53.13
53.64
53.08

53.59
53.11
53.5

53.12
53.44
53.07

53.38
53.14
53.14
53.07

53.1
53.13
53.14

53.09
53.09
53.07

53.07
53.07
53.07
53.13

53.13
53.09
53.09

53.32
53.16
53.39

53.09
53.54
53.09

 53.3
53.12
53.14
53.09

53.12
53.13
53.13

53.12
53.12
53.09

53.09
53.15
53.17

53.09
53.11
53.12
53.14

53.12
53.12
53.23

53.14
53.5
53.1

53.21
53.12
53.17

53.09
53.12
53.12
53.15

53.12
53.12
53.11

53.13
53.12
53.12

53.11
53.13
53.09
53.12

53.12
53.12
53.62

53.19
53.65
53.11

53.6
53.15
53.55

53.13
53.56
53.12
53.59

53.12
53.49
53.19

53.2
53.11
53.12

53.12
53.12
53.14

53.14
53.17
53.17
53.14

53.14
53.14
53.14

53.13
53.14
53.13

53.13
53.25
53.25

53.66
53.35
53.74
53.25

53.52
53.3
53.38

53.23
53.4
53.25

53.38
53.23
53.42
53.27

53.44
53.5
53.69

53.54
53.54
53.52

53.52
53.46
53.47

53.49
53.51
53.47

53.47
53.5
53.5
53.49

53.5
53.5