42.03
42.77
43.43
 43.1

43.47
39.96
40.09

 40.1
40.58
40.14

40.13
40.18
40.18
40.16

40.19
40.54
40.42

40.19
40.19
40.19
40.43

40.24
40.24
40.25

40.65
40.29
 40.3
40.56

 40.3
40.29
40.32

40.29
40.59
40.33
40.69

40.29
40.47
40.29

40.35
40.28
40.32
40.31

40.32
40.28
40.68

40.28
40.76
40.25

40.41
40.25
40.25
40.29

40.26
40.71
 40.3

42.29
42.27
42.29
42.83

 42.3
 40.3
40.32

 40.3
40.67
40.32
40.38

40.75
40.33
40.38

40.51
 40.3
40.36
40.35

40.32
 40.3
40.36

42.39
 42.3
42.37
42.35

42.31
42.45
 42.3

 42.3
42.52
42.33
42.32

42.81
42.34
42.35

 42.7
 42.3
 42.3
42.35

42.38
42.34
42.38

42.77
42.31
 42.3
 42.3

42.55
42.34
42.35

42.54
42.27
42.28
42.36

42.58
42.27
42.27

42.27
42.66
42.27
42.34

 42.3
42.69
42.32

42.38
42.31
42.64
 42.3

 42.3
42.32
42.53

42.45
 42.3
 42.3
42.34

42.64
 42.3
42.35

 42.3
42.73
 42.3
42.35

 42.3
42.53
42.32

42.38
42.32
42.73
 42.3

 42.3
42.32
 42.5

42.53
 42.3
 42.3
42.32

42.66
42.34
 42.3

 42.3
 42.3
42.75
 42.3

 42.3
42.32
42.38

42.69
 42.3
42.33
42.38

 42.3
42.76
42.36

42.38
 42.3
42.35
42.57

42.44
42.32
42.34

 42.3
42.43
42.73
42.38

 42.3
42.32
42.38

42.68
42.38
42.32
42.35

 42.3
42.47
42.71

42.35
 42.3
 42.3
42.32

42.59
42.52
 42.3

42.38
42.35
42.46
42.81

42.38
 42.3
 42.3

 42.3
 42.3
42.79
42.47

42.38
42.33
42.35

42.31
42.61
42.63
 42.3

42.31
42.32
42.35

42.33
42.79
42.39
42.35

 42.3
42.32
42.38

 42.5
42.79
 42.3
42.35

 42.3
 42.3
42.38

42.57
42.59
42.33
42.35

42.31
42.29
42.41

 42.7
42.49
42.32
42.35

 42.3
 42.3
42.57

42.74
 42.3
42.32
42.35

42.31
 42.3
42.55

42.82
42.36
42.32
42.35

 42.3
 42.3
42.38

42.61
42.72
 42.3
42.35

42.31
42.32
42.38

 42.3
42.65
42.68
42.36

 42.3
 42.3
42.35

42.31
42.33
 42.7
 42.7

42.39
42.31
42.36

42.31
42.31
42.36
42.61

42.73
42.31
42.32

42.39
42.34
42.36
42.31

42.54
42.82
42.68

 42.4
42.31
42.31

42.39
42.33
42.36
42.31

42.38
42.77
42.67

42.39
42.31
42.31
42.39

42.32
42.36
42.44

42.75
42.51
42.31
42.36

42.31
42.31
42.39

42.31
42.51
42.79
42.59

42.31
42.34
42.36

42.32
42.31
42.36
42.37

42.64
42.69
42.31

42.39
42.33
42.31
42.37

42.32
42.36
42.52

42.81
42.59
42.33
42.36

42.32
42.31
42.35

42.31
42.31
42.54
42.73

42.66
42.35
42.31

42.39
42.33
42.36
42.31

42.31
42.41
42.67

42.72
42.39
42.31
42.39

42.31
42.31
42.39

42.32
42.37
42.72
42.89

 42.5
42.35
42.36

42.32
42.33
42.36

42.31
42.31
42.43
42.57

42.82
42.57
42.34

42.36
42.32
42.33
42.39

42.31