10.97

45.38
45.58
 45.8

46.12
43.79

43.84
44.46
44.59

44.61
44.64
44.89

45.07
45.08

45.09
45.15
45.17

45.18
45.25

45.26
45.26
45.26

45.52
45.29

45.38
45.36
45.29

45.29
45.37
45.73

 45.3
 45.3

45.48
45.29
45.32

45.59
45.31
45.32

45.33
45.46
45.34

45.38
45.32

45.85
45.28
45.31

45.28
45.28
45.45

45.44
 45.3
 45.3

45.28
45.29
45.28

45.27
45.66

45.57
 45.3
45.32

45.28
45.32
45.27

45.29
45.33
45.27

47.32
47.33
 47.3

47.32
 47.3

 46.3
46.77
46.79

 46.8
47.17
47.23

47.11
46.99
47.35

47.31
 47.3
47.37

47.26
47.31
47.29

47.31
47.36

47.28
47.32
47.31

47.29
47.32
47.29

47.31
47.36
47.28

47.31
47.29
47.33

 47.3
47.32
47.32

47.32
 47.3
47.29

47.31
47.31

47.33
47.39
47.34

47.34
47.34
47.36

47.61
47.84
47.37

47.34
 47.3
 47.3

47.34
 47.3
47.35

47.81
47.32
47.32

47.34
47.38
47.31

47.36
47.76
47.32

47.37
47.29
47.33

47.33
47.65
47.41

47.29
47.33
47.32

47.36
47.42
 47.7

47.32
47.31

47.32
47.34
47.37

47.48
47.75
47.31

47.33
47.34
47.35

47.61
47.36
47.33

47.32
47.35
47.37

47.64
47.35
47.32

47.32
47.37
47.33

47.61
47.31
47.31

47.34
47.31
47.81

47.31
47.31

47.32
47.33
47.55

47.31
47.36
 47.3

47.55
47.31
47.31

47.33
47.35
47.82

47.33
47.29
47.32

47.61
47.33
47.33

47.33
47.34
47.53

47.35
47.35
47.33

47.58
47.33
47.33

47.35
47.46
47.32

47.33
47.36
47.41

47.36
47.35
47.61

47.31
47.32
47.31

47.85
 47.3
47.32

47.32
47.55

47.33
47.32
47.56

47.34
47.35
 47.3

47.71
47.31
47.32

47.38
47.31
47.31

47.33
47.78
47.31

47.33
47.34
 47.3

 47.3
47.33
47.69

 47.3
47.35
47.77

47.34
47.34
47.52

47.32
47.35
47.32

47.53
47.32
47.32

47.72
47.32
47.32

47.81
47.32
47.32

47.61
47.34
47.33

 47.4
47.33
47.34

47.39
47.33
47.36

47.43
47.34
47.36

47.36
47.33
47.32

47.48
47.32

47.36
47.37
47.33

47.36
47.36
47.31

47.34
47.32
47.32

47.33
47.35
47.32

47.34
47.34
47.32

47.33
47.36
47.32

47.33
47.38
47.34

47.34
47.56
47.32

47.36
47.68
47.32

47.32
47.86
47.32

47.34
47.69
47.32

47.32
47.39
47.32

47.34
47.32
47.32

47.57
47.32
47.32

47.82
47.33
47.34

47.47
47.32
47.32

47.32
47.34
47.53

47.34
47.42
47.74

47.36
47.36
47.65

47.36
47.32
47.35

47.32
47.84
47.36

47.34
47.32
47.32

47.35
47.81

47.33
47.35
47.59

47.35
47.39
47.36

47.36
47.36
47.39

47.34
47.36
47.33

47.61
47.32
35.32

35.71
35.43
35.42

35.85
35.41

35.41
35.65
35.43

35.42
35.64
35.41

35.41
35.77