Compile time 0.85
 86.66
 89.71

    91
 91.62
 92.61
 93.03

 93.22
 93.54
 92.05

 92.64
 93.66
 93.07
 93.25

  92.1
 94.83
 95.33

 92.79
 96.05
 93.68
 93.89

  93.8
 96.64
 93.43

 98.07
 95.18
 94.45
 93.75

 96.43
  93.6
 95.59

 96.71
 97.91
  96.6
 99.57

 95.27
 98.48
 98.29

 99.15
 94.15
  99.5
 95.03

100.26
100.27
    95

100.13
100.47
 99.78
100.05

100.35
100.29
100.75

100.18
 99.94
 99.58
 100.6

101.02
100.64
100.66

100.67
 101.1
101.08
101.15

101.08
101.07
101.04

 101.1
101.12
101.44
101.16

101.15
101.02
101.13
101.07

  94.3
101.06
101.02

101.56
101.59
101.85
101.25

100.92
100.91
100.94

100.91
100.22
 98.21
101.18

101.55
100.75
100.49

100.49
100.44
100.44
101.23

 100.5
100.61
101.69

 101.2
101.21
101.54
101.72

101.64
  94.5
101.76

101.42
101.14
101.02
100.96

101.25
101.39
100.75

101.33
101.52
100.59
101.64

101.64
101.71
101.81

102.31
101.46
 101.5
100.94

101.86
100.96
101.01

101.98
100.81
101.07
 101.4

101.55
100.75
100.82

102.15
101.58
101.59
101.61

101.57
101.59
100.98

101.91
 100.5
101.37
101.63

101.61
101.62
102.04
101.51

 101.5
101.58
101.57

100.33
101.95
101.79
100.61

101.62
101.65
101.58

101.68
 101.4
101.65
101.65

101.69
101.58
101.63

101.27
101.59
101.64

101.53
 101.2
100.56
101.58

101.23
101.11
 101.9
101.89

100.98
101.91
 101.1

 101.1
100.76
100.78
100.91

101.38
100.93
 100.8

100.77
100.83
101.59
102.07

101.63
100.54
100.59

101.32
101.38
101.11
101.34

100.52
101.34
 101.3

 101.3
101.36
101.78

101.19
101.28
101.71

100.88
101.64
101.59
100.52

101.95
101.64
 101.6

100.54
101.57
101.65
102.12

101.31
101.33
100.55
101.41

 101.6
101.74
101.68

100.54
 100.8
101.83
102.34

 101.5
101.49
100.73

 101.6
101.59
101.89
101.55

 101.5
100.48
 100.5

100.88
100.59
100.73
 95.27

101.41
101.43
101.83

101.43
101.43
100.35
101.25

101.95
 100.8
101.09
101.09

101.82
101.64
101.67

 101.5
101.01
100.77

100.25
102.07
101.54
101.49

101.57
 101.5
 99.76
 101.5

101.51
101.53
101.46

101.61
100.54
101.56
 101.5

100.25
 101.7
101.48

101.52
101.52
101.53
 100.4

101.01
 98.02
101.69

100.49
101.46
 101.8
101.58

101.52
101.52
101.52

101.54
101.79
101.66
101.67

101.64
101.45
101.11
100.69

100.69
100.95
100.46

101.98
101.51
101.67

101.67
 100.5
101.98
101.45

100.69
100.69
 99.09
100.21

 91.77
 92.09
 91.98

 92.02
 91.14
 91.92
 92.19

 91.78
 91.21
  91.9

 91.69
 92.45
 91.49
 91.95

 91.31
 91.68
 92.27

 91.66
 91.41
 91.62
 88.54

  92.2
 91.41
 91.59

 91.56
 91.53
  92.1
  91.6

  91.6
 91.54
 91.54

 92.01
  91.6
 91.61
 91.31

 91.32
  92.6
 90.77
  92.1

 91.53
 91.53
 92.11

 91.35
 90.77
 91.78
 91.79

  92.2
  91.8
 91.77

 91.56
 91.85
 91.99
 91.79

 91.79
 91.79
 91.44

 91.69
 91.79
 91.57
 91.82

 91.07
 91.82
 90.81

 91.79
 91.85
 91.95
 91.83

 91.85
 91.84
 90.86

 91.28
 90.83
 90.84
 90.86

 90.89
 91.18
 90.84