Compilation time 0.96
11.74
41.53

41.82
42.52
42.55

41.64
39.49
39.54

39.66
39.68
 39.8
39.79

39.71
39.81
39.74

39.75
39.78
39.77

39.76
39.76
39.73
39.77

39.76
40.23
39.78

39.78
39.83
39.82

40.35
 39.8
 39.8
 39.8

39.96
39.79
39.82

40.22
39.82
39.86

40.28
39.93
39.89
39.94

39.89
39.96
39.86

39.86
40.14
 39.8
39.92

39.82
39.88
41.82

41.81
41.91
41.88

42.14
41.92
42.04
41.84

41.86
41.85
41.85

42.05
39.93
 42.2

41.87
41.85
41.86
41.85

40.18
41.85
42.14

41.87
41.87
 39.9
41.93

 41.9
41.92
 41.9

 41.9
 41.9
42.32

41.91
42.07
 41.9
 41.9

41.93
41.91
42.46

41.93
 41.9
 41.9
41.91

42.37
 41.9
 41.9

 41.9
 41.9
42.39

41.91
 41.9
41.97
 41.9

42.15
41.97
 41.9

42.45
41.98
 41.9
42.09

41.99
41.91
41.91

41.95
42.16
41.94

41.91
42.25
41.91
41.91

42.42
41.91
41.93

42.39
41.98
41.94
 42.4

41.98
41.95
 42.3

41.95
41.94
42.42

41.96
41.95
42.45
41.97

41.96
42.42
41.94

41.98
 42.3
41.94
41.94

42.11
42.05
41.97

41.97
42.13
41.98

42.02
42.45
41.97
41.97

42.22
42.05
41.99

42.04
42.11
41.97
42.02

42.45
41.98
41.99

 42.3
42.05
41.99

42.17
42.02
41.97
41.98

41.99
41.98
42.24

41.97
41.97
42.38
41.99

 42.2
41.97
41.97

42.43
42.03
   42

42.38
42.05
41.97
42.43

41.97
41.97
42.27

41.99
41.97
42.02

42.18
42.14
42.06
42.32

42.11
42.05
 42.2

42.27
42.13
42.07

42.23
42.28
42.07
42.05

42.23
42.13
42.08

 42.1
42.25
42.15
42.05

42.05
42.21
42.18

42.06
42.08
 42.2

42.27
42.15
42.08
42.21

42.33
42.06
42.09

42.06
42.47
42.07
42.06

42.06
42.59
42.09

42.11
42.06
42.55

42.09
42.14
42.06
42.39

42.12
42.06
42.06

42.17
42.31
42.08

42.12
42.46
42.18
42.09

42.15
42.06
42.55

42.09
42.06
42.06
42.49

42.08
42.06
42.06

42.08
42.52
 42.1

42.06
42.06
42.38
42.11

42.11
42.06
42.06

42.58
42.14
42.09

42.16
42.34
42.08
42.09

42.14
42.08
 42.5

42.09
42.08
42.06
42.36

42.34
42.07
42.06

42.06
42.45
42.09

42.06
42.06
42.06
 42.6

42.06
42.06
42.06

42.08
42.55
 42.1

42.06
42.09
42.22
42.37

42.06
42.06
42.06

42.25
42.34
42.07
42.07

42.09
42.38
42.16

42.07
42.07
42.08

42.42
42.12
42.09
42.07

42.07
42.54
42.09

42.07
42.09
42.09
42.61

42.08
42.07
42.08

42.18
42.46
42.08

42.08
42.09
42.08
42.49

42.17
42.07
42.07

42.15
42.33
42.23
42.18

42.15
42.07
42.27

42.46
42.15
42.07

42.12
42.07
42.63
42.07

42.12
42.09
42.07

 42.4
42.24
42.11

42.07
42.08
42.29
42.37

42.07
42.07
42.07

42.16
42.62
42.07
42.07

42.16
42.07
42.52

42.16
42.15
42.07

42.12
42.26
42.39
42.07

42.12
42.09