Compilation Time 0.89
10.99
41.07

41.08
40.56
40.62

37.15
37.15
37.18
37.21

37.24
37.27
37.31

37.34
37.36
37.37

37.41
37.45
37.45

37.56
37.56
37.56
37.56

 37.6
37.69
37.75

37.82
37.82
37.86

37.92
37.92
37.93
37.98

38.05
38.05
38.05

38.05
38.09
38.16
38.17

38.17
38.17
38.27

38.27
38.27
38.27

 38.3
38.36
38.36
38.39

38.39
38.45
38.49

 38.5
 38.5
 38.5

38.61
38.61
38.61
38.61

40.69
40.76
40.83

40.83
40.83
 40.9

40.95
40.98
40.98
41.05

41.09
41.09
41.09

41.09
41.16
41.16

41.19
41.19
41.19
41.26

31.11
31.15
31.15

31.21
31.21
31.25

31.25
31.27
31.33
31.37

31.37
31.37
31.37

31.43
31.47
31.47

 31.5
31.57
 31.6
31.63

31.63
31.63
 31.7

 31.7
31.73
31.73

31.81
31.81
31.83
31.89

31.89
31.96
31.96

   32
   32
32.06
32.06

32.06
32.11
32.18

32.18
32.18
32.18

32.21
32.31
32.31
32.31

32.35
32.44
32.51

32.51
32.51
32.51

32.61
32.61
32.61
32.61

32.64
32.77
32.79

32.79
32.79
32.82

32.89
32.89
32.89
32.93

   33
   33
   33

   33
33.04
 33.1

 33.1
 33.1
 33.1
 33.2

 33.2
 33.2
 33.2

33.22
33.32
33.32

33.32
33.32
33.32
33.48

33.48
33.48
33.48

33.59
33.59
33.59
33.59

33.59
33.69
33.69

33.69
33.69
33.75

 33.8
 33.8
 33.8
33.87

33.91
33.91
33.91

33.91
33.98
33.98

34.02
34.02
34.02
34.08

34.12
34.18
34.18

34.25
34.25
34.28

34.28
34.31
34.38
34.41

34.41
34.41
34.41

34.48
34.52
34.52

34.52
34.58
34.59

34.62
34.62
34.62
34.69

34.73
34.73
34.73

34.79
34.79
34.79
 34.9

 34.9
34.96
34.96

   35
   35
   35
35.07

 35.1
35.14
35.14

35.21
35.21
35.21
35.24

35.31
35.31
35.31

35.34
35.34
35.41

35.44
35.44
35.48
35.54

35.54
35.54
35.54

35.58
35.78
35.78

35.78
35.78
35.81
35.88

35.88
35.88
35.88

35.98
35.99
35.99
35.99

36.02
36.09
36.09

36.09
36.09
36.12

36.19
36.19
36.19
36.23

36.29
36.29
36.29

36.29
36.29
36.39

36.39
36.39
36.39
 36.5

 36.5
36.53
36.53

36.53
36.63
36.63
36.63

36.63
36.63
36.73

36.73
36.73
36.73
36.83

36.83
36.83
36.84

36.91
36.94
36.94

36.94
36.94
37.01
37.04

37.17
37.17
37.17

37.23
37.27
37.27
37.27

37.34
37.34
37.37

37.37
37.37
37.44
37.47

37.47
37.47
37.54

37.54
37.57
37.57

37.61
37.67
37.67
37.71

37.71
37.71
37.84

37.87
37.87
37.87

37.98
37.98
37.98
38.02

38.02
38.09
38.09

38.12
38.12
38.12
38.19

38.19
38.22
38.22

38.29
38.29
38.29
38.33

38.33
38.39
38.39
38.43

38.43
 38.5

 38.5
 38.5
38.53
38.72

38.72
38.72
38.72

38.76
38.89
38.89
38.89

38.89
38.92
38.99

38.99
38.99
38.99

39.09
39.09
39.09
39.09

39.12
39.19
39.19