41.87
 38.4

38.41
38.46
38.47

 38.5
38.55
38.57

38.61
38.66
38.66

38.68
38.71
38.76

38.82
38.82
38.82

38.82
38.93
38.98

39.03
39.04
39.08

39.15
39.15
39.16

39.16
39.28
39.28

39.31
39.31
39.35

39.41
39.43
39.43

39.43
39.53
39.53

39.53
39.54
39.57

39.62
39.62
39.62
39.62

39.62
39.73
39.74

39.75
39.81
39.85

39.85
39.85
39.85

39.93
39.96
39.96

39.96
40.03
40.07

40.08
40.11
40.11
40.19

40.19
40.22
40.22

40.25
40.32
40.36

40.36
40.36
40.43

42.43
42.49
42.49

42.49
42.56
42.59

42.59
42.59
42.68
42.68

42.71
42.71
42.71

42.78
42.81
42.81

42.84
42.91
42.91

42.95
42.95
42.95

43.01
43.01
43.05

43.05
43.09
 43.2
43.21

43.25
43.28
43.34

43.34
43.38
43.38

43.38
43.45
43.45

43.49
43.49
43.56

43.56
43.56
43.59
43.69

43.69
43.69
43.73

43.73
 43.8
 43.8

 43.8
43.83
 43.9

 43.9
 43.9
 43.9

43.93
44.06
44.08
44.08

44.08
44.18
44.18

44.18
44.18
44.22

44.29
44.29
44.29

44.29
44.39
44.42

44.42
44.42
44.46
44.52

44.52
44.52
44.54

44.54
44.64
44.64

44.64
44.64
44.74

 44.8
 44.8
 44.8
 44.8

44.91
44.91
44.91

44.91
45.01
45.01

45.01
45.01
45.01

45.11
45.12
45.12
45.12

45.38
45.42
45.63

45.63
 45.7
 45.7

45.73
45.73
45.73

 45.8
 45.8
45.89
45.89

45.89
45.96
   46

   46
46.03
46.09

46.09
46.13
46.13

46.13
 46.2
46.23
46.23

46.23
 46.3
 46.3

46.33
46.33
46.33

 46.4
 46.4
46.43

46.43
 46.5
 46.5

 46.5
46.53
46.61
46.67

46.67
46.71
46.71

46.71
46.77
46.77

46.81
46.81
46.88

46.88
46.88
46.91
46.91

46.98
46.98
47.02

47.02
47.24
47.24

47.24
47.28
47.34

47.34
47.34
47.34
47.38

47.58
47.58
47.58

47.58
47.68
47.68

47.68
47.68
47.71

47.78
47.79
47.79

47.79
47.82
47.89
47.89

47.89
47.93
47.99

47.99
47.99
47.99

48.03
48.09
48.09

48.09
48.09
 48.2
 48.2

 48.2
 48.2
 48.2

 48.3
48.33
48.33

48.33
48.43
48.43

48.43
48.43
48.43
48.53

48.53
48.53
48.53

48.53
48.63
48.63

48.64
48.64
48.74

48.74
48.74
48.74
48.74

48.81
48.97
48.97

48.97
49.04
49.07

49.07
49.07
49.14

49.14
49.17
49.17
49.17

49.24
49.27
49.27

49.27
49.34
49.34

49.37
49.41
49.41

49.47
49.47
49.51
49.51

49.51
49.57
49.57
49.61
49.61
49.69

49.69
49.73
49.73

49.73
49.79
49.79
49.83

49.83
49.89
49.89

49.89
49.93
49.93

   50
   50
50.03

50.03
50.03
 50.1
 50.1

50.13
50.13
 50.2

 50.2
50.23
50.23

50.36
50.43
50.43
50.43

50.46
50.59
50.59

50.59
50.62
50.69

50.69
50.69
50.69

50.73
50.79
50.79
50.79

50.79
50.89
50.89