11.36
40.75

40.76
40.26
40.35

36.87
36.88
36.91
36.94

36.97
   37
37.04

37.07
37.09
37.09
37.14

37.18
37.18
37.29

37.29
37.29
37.29
37.33

37.39
37.45
37.46

37.47
 37.5
37.57

37.57
37.57
37.57
 37.7

 37.7
 37.7
 37.7

37.74
 37.8
37.82

37.83
37.83
37.83
37.93

37.93
37.93
37.96

38.07
38.02
38.02

38.02
38.02
38.12
38.13

38.14
38.14
38.24

38.24
38.24
38.24

38.32
38.36
38.39
38.39

38.39
38.45
38.51

38.54
38.54
38.61

38.61
38.64
40.64
40.64

40.71
40.71
40.74

40.74
40.74
40.81
40.85

38.88
40.88
40.95

40.95
40.98
40.98
   41

41.06
41.06
 41.1

 41.1
 41.1
41.16

 41.2
 41.2
41.23
 41.3

 41.3
 41.3
41.36

41.36
 41.5
 41.5

41.55
41.49
41.49
41.57

41.58
41.62
41.65

41.71
41.73
41.73
41.76

41.86
41.92
41.92

41.96
41.96
42.02
42.02

42.02
42.06
42.16

42.16
42.16
42.19

 42.2
42.27
42.27
42.27

42.27
42.31
42.38

42.38
42.38
42.38
42.54

42.54
42.54
42.54

42.57
42.65
42.65

42.65
42.65
42.68
42.75

42.75
42.77
 42.8

42.87
42.87
42.87
42.87

 42.9
42.97
42.97

42.97
42.97
43.07

43.07
43.07
43.07
43.07

43.17
43.23
43.23

43.23
43.23
43.35

43.35
43.35
43.35
43.45

43.45
43.45
43.45

43.45
43.55
43.55
43.56

43.56
43.63
43.66

43.66
43.66
43.73

43.73
43.77
43.77
43.79

43.86
43.86
43.96

43.96
43.96
44.03
44.06

44.06
44.06
44.13

44.13
44.16
44.16

44.16
44.23
44.23
44.27

44.27
44.27
44.33

44.36
44.36
44.36
44.43

44.43
44.43
44.47

44.47
44.54
44.54

44.58
44.64
44.64
44.71

44.71
44.74
44.74

44.81
44.81
44.81
44.85

44.88
44.95
44.95

44.98
44.98
45.05

45.05
45.05
45.08
45.08

45.15
45.15
45.15

45.18
45.25
45.25

45.25
45.25
45.29
45.48

45.48
45.48
45.52

45.59
45.59
45.59

45.59
45.63
 45.7
 45.7

 45.7
 45.7
 45.8

 45.8
 45.8
 45.8

45.83
 45.9
 45.9
 45.9

 45.9
45.93
46.03

46.03
46.03
46.03

46.13
46.13
46.13
46.13

46.13
46.23
46.23

46.23
46.23
46.34

46.34
46.34
46.34
46.34

46.44
46.44
46.44

46.45
46.51
46.55

46.55
46.55
46.55
46.65

46.65
46.65
46.65

46.71
46.71
46.88

46.88
46.86
46.93
46.96

46.96
46.96
47.03

47.03
47.07
 47.1

47.11
47.18
47.18
47.21

47.27
47.27
47.34

47.38
47.38
47.38

47.44
47.44
47.48
47.48

47.48
47.54
47.55

47.59
47.59
47.59
47.66

47.66
 47.7
 47.7

47.76
47.76
 47.8

 47.8
 47.8
47.86
47.86

 47.9
 47.9
47.96

47.97
47.97
48.01

48.01
48.07
48.07
48.11

48.17
48.24
48.27

48.27
48.27
 48.5

 48.5
 48.5
 48.5
48.53

 48.6
 48.6
 48.6

 48.6
48.63
 48.7

 48.7
 48.7
 48.7
 48.8

 48.8
 48.8
 48.8

48.84
 48.9
45.31