Compile time 0.70
73.91
74.62

74.96
75.36
 76.1
75.83

75.95
75.87
75.56

   76
77.04
78.48

76.85
75.92
79.16
 78.3

77.64
79.32
79.03

77.12
77.97
80.25
77.04

77.29
82.41
77.46

79.56
81.23
78.13
78.19

77.85
78.06
 83.7

83.82
79.59
83.95

83.74
84.05
78.36
84.32

84.44
81.43
84.22
84.73

84.51
79.04
84.48

84.36
82.86
84.75
84.75

84.09
84.29
83.95

84.84
84.94
 85.2

85.18
84.93
85.24
85.38

 85.3
85.52
84.78

82.95
85.27
85.06
85.27

85.34
85.38
85.38

85.25
81.52
85.69
85.86

85.93
85.36
85.73

84.75
85.48
81.89

86.23
86.12
   86
 85.6

85.79
85.68
84.98

85.23
85.78
85.33
86.09

85.85
85.95
85.89

86.23
85.47
86.32
85.66

86.36
85.54
 86.3

86.36
85.63
85.57
85.57

85.58
86.42
85.38

85.22
86.61
85.93
85.86

86.71
86.71
86.54
86.91

86.59
85.94
86.83

85.51
86.27
85.93
86.74

86.78
86.85
86.65

86.77
86.07
86.01

86.77
87.08
86.36
86.75

86.75
86.56
86.92
87.12

87.73
86.78
86.21

87.29
84.66
87.45
87.57

87.45
86.67
86.73

87.87
87.68
87.37
87.47

86.96
86.65
87.47

86.59
87.63
   87
   87

87.76
87.05
87.94

87.88
87.18
88.27
87.48

 88.3
88.41
88.43

88.43
88.43
88.46
87.57

 87.7
88.39
88.12

87.54
87.29
88.05
87.93

88.16
87.03
88.17
88.18

88.56
88.59
88.53

87.71
87.77
88.51
87.75

87.81
   88
87.88

87.91
87.86
88.73
88.03

86.08
88.46
88.46

 88.2
88.23
86.53
89.09

88.15
88.15
88.21

88.98
88.25
89.07
88.25

 82.5
89.11
89.05

89.05
88.35
88.42
89.34

 89.4
88.71
88.21

89.41
89.13
89.58
 89.5

89.58
 88.7
88.98

88.72
88.41
89.36
89.61

89.77
88.93
 89.5
89.18

89.49
89.53
89.53

89.04
89.35
89.32
89.63

89.38
89.16
89.22

90.02
90.02
90.21

89.95
89.57
90.11
90.06

90.08
89.83
89.83

89.87
90.01
   90
   90

90.01
90.23
90.05
90.31

 90.5
90.53
89.27

89.52
89.46
89.28
 89.3

90.45
90.25
90.13

89.44
89.98
90.11
90.61

89.79
90.71
87.75

 90.9
90.27
90.84
90.88

   91
90.03
91.04

90.98
90.84

90.84
 90.9

90.91
90.85
90.95
90.94

 88.3
   90
91.25
 90.8

90.56
90.99
90.93

90.97
90.97
91.04
90.91

90.97
91.13
90.95

91.14
90.95
91.12
91.36

 91.3
91.55
91.69

90.86
91.98
91.09
91.52

92.04
91.45
92.33

 92.2
 91.5
91.32
91.54

91.04
91.32
91.52
91.52

91.61
91.75
 91.5

91.94
91.82
91.79
91.54

 91.6
91.59
92.14

92.17
92.43
92.49
92.68

92.49
91.77
92.34

92.65
 92.4
92.68
 92.5

91.61
91.68
91.68

92.54
91.83
92.67
 92.8

92.79
 92.9
 92.9

86.38
92.77
 89.9
92.43

 92.8
92.75
93.12
93.16

91.95
93.22
 93.1

 93.1
93.17
 93.2
 93.2

93.35
93.27
93.05

93.37
93.44
93.51
93.38

93.65
92.64