3.17

43.69
43.69

 44.2
44.25
43.64

44.15
 44.2

41.71
41.77
41.79

41.81
41.86

41.86
41.91
41.95

41.95
42.07

42.07
42.07
42.07

42.18
 42.2

42.22
42.22
42.25

42.32
42.32

42.32
42.37

42.45
42.45
42.45

42.45
42.55
42.55

42.56
42.56

42.56
42.66
42.66

42.66
 42.7

42.75
42.75
42.75

42.75
42.85

42.85
42.86
42.86

42.93
42.96
42.97

42.97
43.05

43.08
45.08
 45.1

 45.1
 45.2

45.21
45.21
45.21

43.28
43.35
43.35

43.35
43.41

43.41
43.45
43.45

45.45
45.52
45.55

45.55
45.55

45.62
45.68
45.68

45.68
45.77

45.77
 45.8
 45.8

 45.8
45.87
 45.9

 45.9
 45.9
45.97

46.04
46.04

46.04
46.11
46.11

46.11
46.14
46.14

46.22
46.24

46.27
46.27
46.34

46.34
46.41
46.41

46.47
46.47

46.47
46.51
46.57

46.57
46.57
46.61

46.68
46.68

46.68
46.77
46.77

46.85
46.85
46.85

46.85
46.95
46.95

46.95
46.95

   47
47.06
47.06

47.06
 47.1
47.16

47.16
47.16
47.16

47.27
47.27

47.27
47.28
47.32

47.38
47.38
47.38

47.38
47.55
47.55

47.55
47.55

47.55
47.65
47.65

47.65
47.65
47.75

47.75
47.75
47.75

47.75
47.87
47.87

47.87
47.87

47.97
47.98
47.98

47.98
48.08
48.08

48.08
48.08
48.14

48.24
48.24

48.24
48.31
48.31

48.34
48.38
48.38

48.44
48.48
48.48

48.48
48.54
48.54

48.58
48.58

48.58
48.64
48.68

48.68
48.68
48.75

48.75
48.78
48.78

48.78
48.85
48.95

48.95
48.95

49.02
49.05
49.05

49.05
49.12
49.12

49.12
49.16
49.16

49.22
49.22
49.26

49.26
49.32

49.32
49.36
49.36

49.39
49.46
49.46

 49.5
 49.5
49.56

49.56
49.72

49.72
49.79
49.79

49.79
49.82
49.89

49.89
49.89

38.87
38.95
38.96

38.96
38.96
   39
39.06
39.06
39.06

 39.1
39.16

39.16
39.16
39.16

 39.2
39.27
39.27

39.27
 39.3
39.37

39.37
39.37

39.37
39.47
 39.5

 39.5
 39.5
39.54

39.61
39.61
39.61

39.61
39.71

39.71
39.71
39.71

39.71
39.81
39.81

39.82
39.82

39.92
39.92
39.92

39.92
40.14
40.14

40.14
40.14

40.14
40.25
40.25

40.25
40.32
40.35

40.35
40.35
40.35

40.42
40.45

40.45
40.45
40.52

40.52
40.59
40.59

40.59
40.65
40.69

40.69
40.69

40.75
40.79
40.79

40.79
40.87
40.87

40.91
40.91

40.91
40.97
41.01

41.01
41.01
41.07

41.07
41.11

41.11
41.18
41.18

41.18
41.21
41.21

41.28
41.28
41.31

41.31
41.38

41.38
41.54
41.54

41.54
41.61
41.61

41.64
 41.7
41.77

41.77
 41.8

 41.8
41.87
41.87

41.87
41.91
41.97

41.97
41.97

41.97
42.07
42.07

42.07
42.07
42.11

42.18
42.18
42.18

42.18
42.28

42.28
