Compile Time 0.62
36.31
38.59
38.66

37.78
37.92
37.99
38.18

38.18
38.57
38.57

38.57

 38.7
39.06
38.41

38.84
38.62
38.49
39.01

38.79
38.51
39.46

38.82
39.18
40.13
39.21

39.54
40.24

38.93
 38.8
40.36
38.68

 38.7
38.52
40.25

38.65
39.12
39.38
38.73

38.66
39.54
38.51
38.85

39.23
 39.1
38.74

39.81
38.81
   40
38.71

40.02
38.98
40.26

40.27
39.45
39.07
   40

39.23
38.93
 38.7

39.02
40.46
   40
40.53

   39
39.76
39.74

38.34
 40.2
39.15
39.24

40.27
41.05
39.72

39.77
40.26
39.25
38.98

40.26
40.27
39.24

 40.8
41.59
39.75
40.53

39.24
41.59
 40.4
41.32

40.07
 39.4
41.14

40.33
39.53
 40.9
39.55

40.84
41.12
40.73

41.52
   41
41.27
40.86

39.43
40.88
 41.3

41.28
41.33
41.31
41.29

40.08
 41.3
41.33

41.35
39.11
41.35
41.31

41.32
41.33
 41.5

41.63
41.31
39.43
41.36

41.32
41.24
41.36

41.34
39.86
41.36
41.61

 41.6
41.62
41.62

41.62
41.62
41.64
39.27

41.06
41.63
41.54
41.38

41.38
41.39
41.65

41.51
41.45
41.47
41.73

41.49
41.04
41.47

41.73
41.32
41.32

41.58
41.58
41.57
41.57

41.57
41.83
41.82

41.84
39.59
41.86
41.86

41.86
41.85
41.86

41.86
41.57
41.85
41.85

41.57
41.59
 41.6

41.58
41.59
 41.6
 41.6

41.51
41.59
41.85
41.58

41.58
41.46
41.59

41.59
41.84
41.32
 41.6

41.86
41.58
42.11

42.11
41.59
42.12
42.13

42.12
42.14
40.66

42.15
42.15
41.59
42.13

42.15
42.15
42.15

41.45
41.83
41.75
41.75

41.75
41.61
41.75
39.34

42.09
42.12
42.12

 42.1
42.14
42.14
42.14

42.14
42.28
42.02

41.98
41.73
42.26

41.73
41.73
41.84
41.65

42.21
 41.8
42.33

42.33
41.81
41.81
41.69

41.68
41.81
42.07
41.93

41.97
42.07
42.07

41.77
41.77
41.79
41.68

41.75
41.77
42.06

42.31
41.53
41.56

42.08
42.08
42.34
42.34

42.46
41.92
41.75
41.89

 41.9
41.65
41.65

41.65
41.78
41.79
41.79

41.53
41.53
42.02

42.03
42.05
42.32

41.38
42.32
42.35
42.35

42.36
42.32
42.33
42.36

41.14
42.09
42.03

42.34
41.91
41.91
41.81

42.04
41.91
 41.7

41.68
41.78
41.93
42.05

42.11
 42.2
42.38

 41.9
42.06
 41.8
42.07

41.79
41.15
41.15

41.15
 41.4
41.42
41.91

41.15
40.02
41.65

41.39
41.16
 42.2
41.82

41.82
42.18
42.18

42.05
42.04
42.04
42.04

42.19
 42.2
 42.2
 41.9

 41.9
41.91
41.91

41.91
41.91
41.26
41.52

41.27
41.27
41.27

42.04
41.54
42.01
41.75

41.27
41.52
42.31

41.25
42.05
41.14

42.18
42.04
 42.3
 42.7

41.91
 42.2
 42.3

 42.3
42.19
42.49
 42.1

 42.1
41.93
 42.2

41.95
41.96
41.93
41.93

41.96
41.96
41.69

41.69
 42.2
 42.2
41.92

42.17
41.95
42.22

41.69
42.46
 42.2
 42.2

 42.2
41.95
42.22

42.56
42.59
40.04
41.79

41.96
41.96
 34.5