
  9.4
33.39

33.45
33.45
33.45

33.46
29.93
29.94

29.94
29.94
29.94
29.94

29.95
29.96
29.96

29.96
29.96
29.97

29.98
29.98
29.98

29.98
29.98
   30
   30

   30
   30
   30

   30
   30
   30

   30
   30
   30
30.02

30.02
30.02
30.02

30.02
30.02
30.02

30.02
30.03
30.03
30.03

30.04
29.95
29.95

29.95
29.95
29.96

29.96
29.96
29.96
29.97

29.98
29.98
29.98

29.98
29.98
29.99

   30
   30
   30
   30

   30
30.01
30.02

30.02
30.02
30.02
30.02

30.04
30.04
30.04

30.04
30.04
30.05
30.05

30.05
30.05
30.05

30.05
30.05
30.07

30.07
30.07
30.07
30.07

30.07
30.07
30.07

30.08
30.08
 30.1

30.09
30.09
30.09
30.09

30.09
30.11
30.13

30.13
30.13
30.13

30.13
30.13
30.13
30.13

30.13
30.13
30.13

30.13
30.13
30.13

30.13
30.15
30.15
30.15

30.15
30.16
30.16

30.16
30.18
30.18

30.18
30.18
30.18
30.18

30.19
30.19
30.19

30.19
 30.2
 30.2

 30.2
 30.2
 30.2
 30.2

 32.2
 32.2
 32.2

32.22
32.22
32.24

32.24
32.24
32.24

32.24
32.24
32.24
32.25

32.25
32.25
32.27

32.27
32.27
32.27
32.27

32.27
32.27
32.27

32.27
32.29
32.29

32.29
32.29
32.29
 32.3

 32.3
 32.3
 32.3

 32.3
32.31
32.31

32.33
32.33
32.33
32.33

32.33
32.33
32.33

32.34
32.36
32.36

32.36
32.37
32.37
32.37

32.37
32.38
32.38

32.38
32.38
 32.4

 32.4




32.42
32.42
32.42

32.43
32.43
32.43
32.43

32.43
32.43
32.43

32.43
32.45
32.45
32.45

32.45
32.45
32.46

32.48
32.48
32.48

32.48
32.48
32.48
32.48

 32.5
 32.5
23.74

23.74
23.74
23.75

23.75
23.75
23.76
23.76

23.77
23.77
23.77

23.77
23.78
23.78

23.78
23.78
 23.8
 23.8

23.82
23.82
23.82

23.82
23.82
23.82

23.82
23.82
23.82
23.82

23.82
23.82
23.82

23.84
23.84
23.84

23.84
23.84
23.84
23.84

23.86
23.86
23.86

23.86
23.88
23.88
23.89

23.89
23.89
23.89

23.91
23.91
23.91

23.91
23.91
23.95
23.95

23.98
23.98
   24

   24
   24
   24

   24
   24
   24
   24

   24
24.03
24.03

24.03
24.03
24.06

24.06
24.06
24.06
24.06

24.06
24.06
24.06

24.06
24.06
24.06
24.06

24.06
24.06
24.06

24.06
24.06
24.07
24.07

24.07
24.07
 24.1

 24.1
 24.1
 24.1
 24.1

 24.1
 24.1
 24.1

 24.1
 24.1
 24.1
 24.1

 24.1
24.13
24.13

24.13
24.13
24.13
24.13

24.13
24.13
24.13

24.13
24.16
 24.2
24.22

24.22
24.22
24.22

24.27
24.27
24.27

24.27
24.27
24.27
24.27

24.27
24.27
24.27

24.27
24.27
24.27
24.27

24.27
24.27
24.28

24.28
24.28
24.28
24.34

24.34
24.34
24.34

24.34
24.34
24.34
24.34

24.34
24.34
24.34

24.34
24.34
24.34

24.34
24.34
24.34
24.34

24.34
24.34
24.34

24.34
24.34
24.34