33.68
30.16
30.15

30.15
30.16
30.16
30.16

30.16
30.17
30.18

30.18
30.18
30.18

30.18
30.19
30.19

30.2
30.2
30.2

30.2
30.2
30.2
30.2

30.2
30.2
30.2

30.2
30.2
30.2

30.2
30.2
30.2

30.2
30.2
30.2
30.2

30.26
30.26
30.26

30.26
30.26
30.26

30.17
30.17
30.17

30.17
30.17
30.17
30.17

30.17
30.17
30.17

30.19
30.19
30.19

30.19
30.19
30.19

30.19
30.19
30.23
30.23

30.25
30.25
30.25

30.25
30.25
30.25

30.25
30.25
30.25

30.25
30.25
30.25
30.25

30.25
30.25
30.25

30.25
30.25
30.25

30.25
30.25
30.25

30.29
30.29
30.29
30.29

30.29
30.29
30.26

30.26
30.26
30.26

30.26
30.28
30.28

30.28
30.28
30.28
30.28

30.28
30.28
32.28

32.28
32.28
32.28
32.28
32.35
32.35

32.35
30.35
30.35
30.35

30.35
30.35
32.35

32.35
32.35
32.35

32.35
32.35
30.35

30.35
30.35
30.35
30.35

30.35
30.39
30.39

32.39
32.39
32.41

32.41
32.41
32.41

32.41
32.41
32.41

32.41
32.41
32.41
32.41

32.41
32.43
32.43
32.43
32.43
32.43

32.43
32.43
32.43

32.43
32.43
32.43

32.43
32.49
32.49
32.49

32.49
32.49
32.49

32.49
32.49
32.49

32.49
32.49
32.49

32.49
32.49
32.49
32.49

32.49
32.49
32.49

32.49
32.49
32.49

32.49
32.55
32.55

32.55
32.55
32.55

32.55
32.55
32.55
32.55

32.55
32.55
32.55

32.55
32.55
32.56

32.57
32.57
32.57

32.57
32.57
32.57
32.57

32.57
32.57
32.64

32.64
32.64
32.64

32.64
32.64
32.64

32.64
32.64
32.64
32.64

32.64
32.64
32.64

32.64
32.64
32.64

32.64
32.64
32.64

32.64
32.64
32.64

32.64
32.76
32.76
32.76

32.76
32.76
32.76

32.76
32.76
32.76

32.76
32.76
32.76

32.76
32.76
32.76
32.76

32.76
32.76
32.76

32.76
32.76
32.76

32.76
32.76
32.76

32.76
32.76
32.76

32.76
32.76
32.76
32.76

32.76
32.76
32.76

32.76
32.76
32.76

32.76
32.76
32.76

32.76
32.76
32.76
32.76

32.78
32.78
32.78

32.78
 32.9
33.03

33.03
33.03
33.03

33.03
33.03
33.03
33.03

33.03
33.03
33.03

33.03
33.03
33.03

33.03
33.03
33.03

33.03
33.03
33.03
33.03

33.03
33.03
33.03

33.03
33.03
33.03

33.03
33.03
33.03

33.03
33.03
33.03

33.03
33.03
33.03
33.03

33.03
33.03
33.03

33.03
33.03
33.05

33.05
33.05
33.05

33.05
33.05
33.16
33.19

33.19
33.19
33.19

33.19
33.19
33.19

33.19
33.19
33.19

33.19
33.19
33.19
33.19

33.19
33.19
33.19

33.19
33.19
33.19

33.19
33.19
33.19

33.19
33.19
33.19

33.19
33.19
24.61
24.61

24.61
24.64
24.64

24.64
24.64
24.64

24.64
24.64
24.64

24.64
24.64
24.64

24.64
24.66
24.66
24.66

24.66
24.66
24.79

24.79
24.79
24.79

24.79
24.79
24.79

24.79