  9.34

 33.07
 33.14
 33.14

 33.16
 29.64
 29.63
 29.63

 29.63
 29.63
 29.66

 29.66
 29.66
 29.67

 29.67
 29.71
 29.72
 29.72

 29.72
 29.72
 29.72

 29.72
 29.72
 29.72

 29.72
 29.72
 29.72

 29.72
 29.72
 29.72
 29.72

 29.72
 29.74
 29.74

 29.74
 29.74
 29.74

 29.74
 29.75
 29.75
 29.75

 29.75
 29.75
 29.75

 29.75
 29.75
 29.66

 29.66
 29.66
 29.66
 29.66

 29.66
 29.63
 29.63

 29.63
  29.7
  29.7

  29.7
  29.7
  29.7
  29.7

  29.7
  29.7
  29.7

  29.7
  29.7
  29.7

  29.7
  29.7
  29.7
  29.7

  29.7
  29.7
  29.7

  29.7
  29.7
  29.7
  29.7

  29.7
 29.76
 29.76

 29.76
 29.76
 29.76

 29.76
 29.76
 29.76
 29.76

 29.76
 29.76
 29.76

 29.76
 29.76
 29.76

 29.76
 29.73
 29.73
 29.73

 29.73
 29.73
 29.75

 29.75
 29.75
 29.75

 29.75
 29.75
 29.75
 29.75

 29.75
 29.75
 29.75

 29.75
 29.75
 31.75

 31.75
 31.75
 31.75
 31.75

 29.75
 29.75
 29.75

 29.75
 29.75
 29.75
 29.75

 29.75
 29.75
 29.82

 29.82
 29.82
 29.82

 29.82
 29.82
 29.82
 29.82

 29.82
 29.82
 29.82

 29.82
 31.82
 31.82

 31.82
 31.82
 31.82
 31.82

 31.82
 31.82
 31.82

 31.82
 31.82
 31.82

 31.82
 31.89
 31.89
 31.89

 31.86
 31.86
 31.89

 31.89
 31.89
 31.89
 31.89

 31.89
 31.89
 31.89

 31.89
 31.89
 31.89

 31.89
 31.89
 31.89
 31.89

 31.89
 31.89
 31.89

 31.89
 31.96
 31.96

 31.96
 31.96
 31.96
 31.96

 31.96
 31.96
 31.96

 31.96
 31.96
 31.96

 31.96
 31.96
 31.96
 31.96

 31.96
 31.96
 31.96

 31.96
 31.96
 31.96

 31.96
 31.96
 32.02
 32.04

 32.04
 32.04
 32.04

 32.04
 32.04
 32.04

 32.04
 32.04
 32.04
 32.04

 32.04
 32.04
 32.04

 32.04
 32.04
 32.04

 32.04
 32.04
 32.04
 32.04

 32.04
 32.04
 32.17

 32.17
 32.17
 32.17

 32.17
 32.17
 32.17

 32.21
 32.21
 32.21
 32.21

 32.21
 32.21
 32.21

 32.21
 32.21
 32.21

 32.21
 32.21
 32.21
 32.21

 32.21
 32.21
 32.21

 32.21
 32.21
 32.24

 32.24
 32.24
 32.24

 32.24
 32.24
 32.24
 32.24

 32.24
 32.24
 32.24

 32.27
 32.27
 32.27

 32.27
 32.27

 32.27
 32.27
 32.27
 32.27

 32.27
 32.27
 32.27

  32.4
  32.4
  32.4

  32.4
  32.4
  32.5
  32.5

  32.5
  32.5
  32.5

  32.5
  32.5
  32.5

  32.5
  32.5
  32.5
  32.5

  32.5
  32.5
  32.5

  32.5
  32.5
 32.51

 32.51
 32.51
 32.51

 32.51
 32.51
 32.51
 32.51

 32.51
 32.51
 32.51

 32.51
 32.51
 32.51

 32.47
 32.47
 32.47

 32.47
 32.47
 32.47
 32.47

 32.47
 32.47
 32.47

 32.47
 32.52
 32.52

 32.65
 32.65
 32.65

 32.65
 32.65
 32.65
 32.66

 32.66
 32.66
 32.66

 32.66
 32.66
 32.66

 32.66
 32.66
 32.66

 32.66
 32.66
 32.66

 32.66
 32.66
 32.66
 32.66

 32.66
 32.66
 32.66

 32.66
 32.66
 32.66

 32.66
 32.66
 32.66

 32.66
 32.66
 32.66
 32.66

 32.66
 32.66
 32.53

 32.53
 32.53
 32.53

 32.57
 32.57
 32.57
 32.57

 32.57
 32.57
 32.57

  32.7
  32.7
  32.7

  32.7
  32.7
  32.7

  32.7
  32.7
  32.7

  32.7
  32.7
  32.7

  32.7
  32.7
  32.7

  32.7
  32.7