15.79
38.26

39.07
39.16

39.16
 35.3
35.29

35.29
35.29

35.29
35.29
35.29

35.29
35.29

35.29
35.29
35.29

35.29
35.29

35.29
35.29
35.29

35.26
35.26
35.26

35.26
35.32

35.32
35.32
35.32

35.32
35.32
35.32

35.32
35.32

35.32
35.32
35.32

35.32
35.32

35.32
35.32
35.32

35.23
35.23
35.23

35.23
35.23
 35.3

 35.3
 35.3
 35.3

 35.3
 35.3

 35.3
 35.3
 35.3

 35.3
 35.3
 35.3

 35.3
 35.3
35.32

35.32
35.32

35.32
35.32
35.32

35.32
35.32
35.32

35.38
35.38
35.38

35.38
35.38
35.38

35.38
35.38

35.38
35.38
35.38

35.38
35.38
35.38

35.38
35.38
35.38

35.38
35.38
35.35

35.35
35.35

35.35
35.41
35.41

35.41
35.41
35.41

35.41
35.41
35.41

35.41
37.41
37.41

37.41
37.41
37.41

36.42
36.92

36.92
36.92
36.92

36.92
34.92
34.92

34.92
34.98
34.98

35.48
 35.5
 35.5

 35.5
 35.5
 35.5

 35.5
 35.5

 35.5
 35.5
 35.5

 35.5
 35.5
 35.5

 35.5
 35.5
 37.5

 37.5
 37.5
 37.5

   37
37.07
37.07

37.07
37.07
37.07

37.07
37.57

37.57
37.57
37.57

37.57
37.57
37.57

37.57
37.57
37.57

37.57
37.57
37.57

37.57
37.57
37.57

37.57
37.57
37.63

37.63
37.63
37.63

37.63
37.63

37.63
37.63
37.63

37.63
37.63
37.63

37.63
37.63
37.63

37.63
37.64
37.64

37.64
37.64
37.64

37.64
37.64
37.76

37.76
37.76
37.76

37.76
37.79

37.79
37.79
37.79

37.79
37.79
37.79

37.79
37.79
37.79

 37.8
 37.8
 37.8

 37.8
 37.8
 37.8

 37.8
 37.8
 37.8

 37.8
 37.8
 37.8

 37.8
 37.8
 37.8

 37.8
 37.8
 37.8

 37.8
 37.8

 37.8
 37.8
 37.8

 37.8
 37.8
 37.8

 37.8
 37.8
 37.8

 37.8
 37.8
 37.8

 37.8
37.92
37.92

37.92
37.92
37.92

37.92
37.92

37.92
37.92
28.98

28.98
28.98
28.98

28.98
28.98
28.98

28.98
28.98
28.98

28.98
28.98
28.98

28.98
28.98

28.98
28.98
28.98

28.98
28.98
28.98

28.98
28.99
28.99

28.99
28.99

28.99
28.99
28.99

28.99
28.99
28.99

28.99
28.99
28.99

28.99
28.99
28.99

29.12
29.12

29.12
29.12
29.12

29.12
 29.2
 29.2

 29.2
 29.2
 29.2

 29.2
 29.2

 29.2
 29.2
 29.2

 29.2
29.22
29.22

29.22
29.22
29.22

29.22
29.22
29.22

29.22
29.22

29.22
29.22
29.22

29.22
29.22
29.22

29.22
29.22
29.22

29.22
29.22

29.22
29.22
29.22

29.22
29.22
29.22

29.22
29.22
29.22

29.32
29.32
29.32

29.32
29.32
29.32

29.32
29.32
29.32

29.32
29.32
29.32

29.32
29.32

29.32
29.32
29.32

29.32
29.32
29.32

29.32
29.32
29.32

29.32
29.32
29.32

29.32
29.32

29.32
29.32
29.32

29.32
29.32
29.32

29.32
29.32
29.32

29.32
29.32
29.32

29.32
29.32
29.32

29.32